
[0m [38;2;0;0;0m                   [0m  [38;2;28;5;0m                  [0m
 [38;2;0;0;0m                 [0m  [7m[38;2;202;37;0m▋[38;2;218;61;0m▔[0m[38;2;193;39;0m▄[0m [38;2;40;6;0m                [0m
 [38;2;0;0;0m            [0m [38;2;155;28;0m▂[0m [38;2;137;25;0m▅[38;2;183;34;0m▂[38;2;222;59;0m▃[38;2;225;71;0m▄[38;2;124;21;0;48;2;244;122;9m▘[38;2;254;222;53;48;2;250;129;2m▖[38;2;246;103;0;48;2;219;45;0m▊[0m[38;2;155;26;0m▎                [0m
 [38;2;0;0;0m         [0m [38;2;142;24;0m▂[38;2;201;51;0m▅[38;2;154;27;0;48;2;239;94;1m▔[0m[38;2;200;43;0m▌[38;2;197;54;0m▅[38;2;241;118;7;48;2;162;29;0m▆[38;2;253;221;81;48;2;248;136;6m▃[38;2;253;223;134;48;2;252;167;12m▄[38;2;253;239;132;48;2;253;190;10m▄[38;2;253;202;89;48;2;253;183;30m▖[38;2;253;170;3;48;2;237;87;0m▘[0m[38;2;182;40;0m▌[0m [38;2;187;34;0m▗[38;2;193;35;0m▖              [0m
 [38;2;0;0;0m        [0m [38;2;169;33;0m▂[38;2;133;25;0;48;2;229;67;0m▖[38;2;240;119;7;48;2;252;214;119m▋[38;2;92;103;51;48;2;251;217;75m▄[38;2;77;114;20;48;2;220;148;87m▄[38;2;73;114;17;48;2;220;174;118m▅[38;2;101;135;38;48;2;224;208;154m▆[38;2;141;166;63;48;2;243;241;181m▆[38;2;72;77;23;48;2;223;213;139m▖[38;2;253;238;130;48;2;253;198;36m▂[38;2;253;232;120;48;2;252;189;23m▂[38;2;253;196;56;48;2;228;72;2m▖[38;2;252;150;16;48;2;194;46;0m▄[38;2;253;170;17;48;2;218;54;0m▄[38;2;240;101;0;48;2;213;42;0m▊[0m[38;2;193;34;0m▘[0m [38;2;52;8;0m             [0m
 [38;2;0;0;0m       [0m [38;2;223;60;19m▕[38;2;243;233;180;48;2;244;121;17m▁[38;2;137;60;38;48;2;246;167;60m▂[38;2;123;30;1;48;2;242;213;101m▂[38;2;166;133;99;48;2;57;42;5m▍[38;2;62;8;0;48;2;40;64;1m▁[38;2;181;93;0;48;2;34;62;1m▁[38;2;218;170;29;48;2;28;51;1m▂[38;2;248;185;10;48;2;72;97;7m▂[38;2;43;59;4;48;2;203;139;37m▘[38;2;253;157;2;48;2;219;191;99m▁[38;2;252;229;106;48;2;204;165;113m▄[38;2;252;190;38;48;2;227;179;96m▁[38;2;166;70;27;48;2;247;236;152m▖[38;2;253;217;65;48;2;249;145;8m▌[38;2;242;104;3;48;2;148;28;0m▅[38;2;230;78;0;48;2;118;23;0m▆[0m[38;2;142;25;0m▎[0m [38;2;224;42;0m▁[0m [38;2;47;8;0m          [0m
 [38;2;0;0;0m       [0m [38;2;72;11;1;48;2;169;72;21m▍[38;2;87;19;0;48;2;181;71;11m▁[38;2;48;42;35;48;2;198;85;0m▂[38;2;124;61;2;48;2;232;105;0m▂[38;2;151;81;0;48;2;245;118;0m▔[38;2;108;42;0;48;2;246;110;0m▔[38;2;214;109;0;48;2;251;151;10m▔[38;2;199;117;9;48;2;249;159;10m▕[38;2;73;33;7;48;2;227;126;5m▅[38;2;179;174;163;48;2;102;71;32m▗[38;2;169;157;138;48;2;114;74;21m▄[38;2;51;38;25;48;2;215;160;51m▖[38;2;252;169;25;48;2;253;206;62m▞[38;2;242;155;38;48;2;197;94;0m▍[38;2;158;82;59;48;2;246;219;102m▎[38;2;253;183;27;48;2;241;97;2m▌[0m[38;2;189;47;0m▌[38;2;223;56;0m▗[38;2;240;95;1;48;2;214;49;0m▆[0m[38;2;202;38;0m▋[0m  [38;2;50;23;1m         [0m
 [38;2;0;0;0m       [0m [38;2;95;9;0;48;2;182;56;0m▌[38;2;52;17;9;48;2;138;118;99m▍[38;2;110;97;82;48;2;52;16;7m▔[38;2;61;10;0;48;2;137;127;119m▄[38;2;100;33;0;48;2;213;118;3m▎[38;2;188;144;55;48;2;234;141;25m▖[38;2;200;150;58;48;2;233;140;18m▖[38;2;222;152;17;48;2;79;46;9m▊[38;2;187;135;88;48;2;93;45;23m▄[38;2;240;131;0;48;2;40;18;6m▂[38;2;147;77;21;48;2;205;191;160m▊[38;2;194;183;155;48;2;84;47;4m▍[38;2;253;181;18;48;2;250;152;4m▝[38;2;252;148;7;48;2;250;184;40m▃[38;2;201;109;34;48;2;243;233;173m▊[38;2;98;31;13;48;2;237;203;108m▗[38;2;140;68;12;48;2;247;195;75m▄[38;2;208;188;115;48;2;235;85;2m▅[38;2;253;207;41;48;2;250;118;4m▋[38;2;129;23;0;48;2;241;124;9m▝[0m[38;2;210;54;0m▅[38;2;144;25;0m▗[38;2;211;40;0m▖        [0m
 [38;2;0;0;0m      [38;2;168;74;4m▗[38;2;135;64;4m▖[38;2;89;10;0;48;2;172;64;3m▋[38;2;215;202;166;48;2;164;94;12m▝[38;2;167;69;0;48;2;180;131;9m▔[38;2;205;85;0;48;2;131;47;0m▆[38;2;245;174;37;48;2;143;37;0m▝[38;2;60;1;0;48;2;246;208;40m▄[38;2;65;1;0;48;2;247;181;24m▄[38;2;85;7;0;48;2;249;196;35m▄[38;2;79;17;0;48;2;209;153;22m▃[38;2;125;53;0;48;2;189;124;12m▗[38;2;163;138;55;48;2;237;167;29m▘[38;2;253;169;37;48;2;245;225;121m▆[38;2;253;197;50;48;2;251;137;6m▘[38;2;99;50;12;48;2;230;154;59m▗[38;2;207;201;152;48;2;95;83;11m▔[38;2;164;196;90;48;2;107;115;31m▗[38;2;128;174;56;48;2;96;78;19m▖[38;2;104;51;6;48;2;213;202;138m▖[38;2;182;87;57;48;2;251;224;109m▁[38;2;154;52;28;48;2;253;199;64m▂[38;2;229;173;83;48;2;188;52;0m▅[38;2;251;188;70;48;2;220;73;1m▄[0m[7m[38;2;226;67;0m▕[0m[38;2;141;56;0m▝[0m [38;2;25;10;0m      [0m
 [38;2;0;0;0m      [0m  [7m[38;2;153;68;4m▍[0m[38;2;234;122;1;48;2;210;57;0m▎[38;2;176;36;0;48;2;116;24;0m▅[38;2;105;10;0;48;2;127;29;0m▖[38;2;159;56;8;48;2;47;5;0m▃[38;2;227;61;35;48;2;110;9;1m▅[38;2;248;108;71;48;2;137;19;7m▄[38;2;224;95;62;48;2;182;46;11m▖[38;2;200;126;4;48;2;135;52;1m▞[38;2;147;75;0;48;2;239;123;0m▘[38;2;225;84;0;48;2;251;169;20m▂[38;2;188;77;1;48;2;245;173;64m▅[38;2;248;158;52;48;2;107;72;2m▘[38;2;149;191;58;48;2;84;90;4m▁[38;2;158;197;72;48;2;105;153;34m▂[38;2;70;114;16;48;2;196;216;114m▃[38;2;111;156;37;48;2;52;58;0m▘[38;2;173;127;19;48;2;106;44;0m▁[38;2;219;116;11;48;2;240;161;21m▋[38;2;252;232;116;48;2;237;160;43m▝[38;2;251;227;111;48;2;201;107;29m▂[38;2;165;94;51;48;2;222;174;83m▏[38;2;137;39;0;48;2;248;167;21m▝[0m[38;2;227;74;2m▆[38;2;121;21;0m▏      [0m
 [38;2;0;0;0m    [0m [38;2;119;45;8m▅[0m [7m[38;2;225;79;1m▎[0m[38;2;159;106;78;48;2;238;176;97m▝[38;2;130;42;11;48;2;207;86;0m▎[38;2;211;60;0;48;2;180;35;0m▍[38;2;192;47;0;48;2;128;14;0m▄[38;2;169;76;0;48;2;104;21;0m▝[38;2;55;5;0;48;2;188;69;12m▂[38;2;77;13;0;48;2;202;103;19m▂[38;2;158;63;0;48;2;200;101;1m▖[38;2;170;59;0;48;2;240;103;0m▘[38;2;140;59;0;48;2;213;111;0m▃[38;2;93;99;7;48;2;157;41;0m▆[38;2;133;172;61;48;2;78;99;12m▄[38;2;52;95;7;48;2;143;177;69m▂[38;2;39;65;3;48;2;166;200;76m▄[38;2;142;176;71;48;2;91;85;8m▔[38;2;232;167;43;48;2;58;37;0m▄[38;2;41;15;0;48;2;241;154;19m▔[38;2;185;74;3;48;2;250;181;46m▔[38;2;253;234;122;48;2;252;183;54m▁[38;2;251;123;5;48;2;253;225;112m▂[38;2;253;230;141;48;2;251;138;7m▔[38;2;200;174;118;48;2;185;93;21m▕[38;2;249;224;121;48;2;250;132;3m▌[0m[38;2;205;71;0m▋[0m [38;2;25;5;0m      [0m
 [38;2;0;0;0m      [0m [38;2;209;64;0m▝[7m[38;2;228;188;95m▖[0m[38;2;178;142;104;48;2;170;80;5m▖[38;2;239;141;5;48;2;205;59;0m▗[38;2;214;88;0;48;2;173;33;0m▖[38;2;171;36;0;48;2;214;70;0m▔[38;2;233;99;0;48;2;164;28;0m▆[38;2;249;141;1;48;2;186;49;0m▆[38;2;252;223;98;48;2;242;121;3m▂[38;2;253;204;44;48;2;249;155;1m▆[38;2;125;23;0;48;2;226;102;0m▝[38;2;219;72;0;48;2;93;28;0m▄[38;2;185;50;0;48;2;85;37;0m▄[38;2;131;15;0;48;2;83;30;0m▄[38;2;231;100;0;48;2;99;30;0m▅[38;2;197;94;14;48;2;248;160;22m▘[38;2;252;193;85;48;2;251;153;35m▞[38;2;217;90;1;48;2;253;220;87m▄[38;2;245;134;10;48;2;253;239;123m▆[38;2;213;81;0;48;2;251;155;49m▅[38;2;151;34;0;48;2;226;86;0m▅[38;2;197;88;0;48;2;131;26;0m▊[38;2;100;67;42;48;2;201;158;90m▂[0m[7m[38;2;243;147;3m▅[0m[38;2;117;45;1m▎[0m [38;2;54;29;2m      [0m
 [38;2;0;0;0m     [0m [38;2;50;17;5m▂[38;2;73;26;3;48;2;193;95;0m▆[0m[38;2;175;76;18m▃[38;2;137;50;17;48;2;208;180;122m▝[38;2;137;55;19;48;2;239;159;22m▖[38;2;244;132;1;48;2;216;66;0m▂[38;2;216;100;0;48;2;162;30;0m▝[38;2;192;66;0;48;2;249;134;0m▅[38;2;202;47;0;48;2;236;92;1m▂[38;2;222;77;0;48;2;253;202;55m▆[38;2;226;71;0;48;2;251;176;21m▄[38;2;243;87;0;48;2;248;138;2m▃[38;2;252;204;67;48;2;235;100;0m▄[38;2;252;207;54;48;2;208;76;0m▆[38;2;243;178;70;48;2;155;34;0m▖[38;2;234;104;0;48;2;149;27;0m▂[38;2;124;23;0;48;2;214;69;0m▅[38;2;120;19;0;48;2;241;120;0m▄[38;2;126;17;0;48;2;192;58;0m▞[38;2;242;114;2;48;2;136;29;0m▃[38;2;243;154;17;48;2;132;26;0m▅[38;2;206;65;0;48;2;223;104;0m▎[38;2;200;167;118;48;2;172;74;7m▗[0m[38;2;202;162;107m▋[7m[38;2;194;91;4m▅[0m[38;2;134;63;4m▘[0m [38;2;83;27;2m      [0m
 [38;2;0;0;0m     [0m [7m[38;2;58;21;8m▍[0m[38;2;221;118;2;48;2;130;44;6m▂[38;2;219;129;7;48;2;163;59;3m▅[38;2;223;114;5;48;2;240;171;58m▊[38;2;232;183;72;48;2;184;93;22m▎[38;2;145;74;1;48;2;229;141;9m▄[38;2;86;17;0;48;2;216;89;1m▂[38;2;117;57;0;48;2;188;60;0m▁[38;2;206;52;0;48;2;177;34;0m▗[38;2;150;40;0;48;2;205;69;0m▃[38;2;227;77;0;48;2;173;38;0m▘[38;2;191;48;0;48;2;245;109;0m▆[38;2;178;40;0;48;2;250;140;10m▄[38;2;253;215;82;48;2;236;111;1m▔[38;2;233;109;14;48;2;252;193;50m▞[38;2;234;126;9;48;2;226;80;0m▖[38;2;240;118;0;48;2;194;49;0m▆[38;2;232;126;0;48;2;228;81;0m▄[38;2;106;30;0;48;2;239;134;0m▂[38;2;91;11;0;48;2;220;118;0m▁[38;2;165;89;27;48;2;243;129;11m▅[38;2;230;173;69;48;2;184;87;13m▅[38;2;198;79;15;48;2;229;164;69m▁[38;2;226;125;28;48;2;175;67;9m▄[38;2;108;39;12;48;2;194;78;2m▝[0m[38;2;91;32;9m▎[38;2;142;59;11m▃[0m [38;2;23;10;5m     [0m
 [38;2;0;0;0m    [0m [38;2;24;10;6m▕[38;2;43;18;8;48;2;100;47;20m▌[0m[38;2;158;89;40m▅[38;2;63;23;10;48;2;81;40;20m▗[38;2;93;29;6;48;2;197;76;3m▆[38;2;108;34;0;48;2;199;88;2m▖[38;2;180;112;6;48;2;216;103;2m▖[38;2;106;23;1;48;2;201;119;11m▝[38;2;236;184;2;48;2;140;33;0m▁[38;2;212;116;9;48;2;106;17;0m▂[38;2;179;86;0;48;2;116;20;0m▔[38;2;155;22;0;48;2;102;16;0m▂[38;2;51;3;0;48;2;193;49;0m▆[38;2;102;12;0;48;2;180;34;0m▆[38;2;141;27;0;48;2;176;35;0m▅[38;2;200;102;1;48;2;159;36;0m▄[38;2;223;70;0;48;2;118;35;0m▔[38;2;225;128;0;48;2;129;22;0m▁[38;2;205;133;0;48;2;130;30;0m▗[38;2;221;127;0;48;2;115;23;0m▆[38;2;153;86;14;48;2;212;173;76m▎[38;2;170;106;19;48;2;244;174;51m▃[38;2;238;114;1;48;2;213;92;3m▌[38;2;134;57;17;48;2;205;102;4m▆[38;2;146;87;48;48;2;100;40;12m▅[0m[38;2;168;103;60m▆[38;2;112;67;43m▅[38;2;128;47;13m▔[0m [38;2;46;24;4m     [0m
 [38;2;0;0;0m   [0m [7m[38;2;94;63;40m▄[0m[38;2;172;123;89;48;2;55;35;25m▁[38;2;103;71;55;48;2;42;25;18m▂[38;2;30;17;13;48;2;49;32;25m▊[38;2;125;82;55;48;2;62;40;30m▝[38;2;133;86;57;48;2;73;39;26m▘[38;2;221;66;0;48;2;89;38;21m▝[38;2;91;40;25;48;2;198;72;1m▄[38;2;222;93;0;48;2;115;36;8m▝[38;2;59;25;11;48;2;230;128;14m▂[38;2;95;49;22;48;2;235;124;10m▃[38;2;89;43;25;48;2;181;41;0m▅[38;2;111;70;51;48;2;76;13;4m▃[38;2;159;103;71;48;2;47;17;12m▂[38;2;104;63;45;48;2;86;32;14m▁[38;2;131;60;5;48;2;95;17;2m▖[38;2;192;96;0;48;2;111;27;0m▝[38;2;32;1;0;48;2;184;70;0m▁[38;2;134;44;0;48;2;215;95;0m▎[38;2;226;108;6;48;2;246;182;28m▋[38;2;129;64;6;48;2;249;145;21m▂[38;2;133;70;29;48;2;192;94;22m▖[38;2;187;128;82;48;2;139;64;11m▄[38;2;80;47;32;48;2;212;133;63m▁[38;2;203;141;74;48;2;153;92;52m▍[38;2;112;65;38;48;2;65;40;29m▘[38;2;35;16;10;48;2;89;51;35m▌[38;2;122;78;55;48;2;40;19;12m▁[38;2;117;76;51;48;2;33;17;11m▝[0m[7m[38;2;92;61;41m▄[0m [38;2;13;8;5m    [0m
 [38;2;0;0;0m    [0m [38;2;121;85;61m▔[38;2;69;47;37m▔[7m[38;2;19;11;8m▃[38;2;80;52;35m▂[38;2;105;58;34m▂[38;2;50;28;14m▖[38;2;70;47;37m▅[38;2;87;57;43m▄[0m[38;2;46;29;19;48;2;87;53;39m▃[38;2;43;23;15;48;2;134;81;49m▄[38;2;179;103;32;48;2;98;57;34m▘[38;2;106;69;51;48;2;47;26;19m▅[38;2;35;18;10;48;2;85;52;36m▁[38;2;35;20;15;48;2;117;73;48m▄[38;2;49;30;24;48;2;164;102;62m▄[38;2;87;54;41;48;2;171;113;73m▃[38;2;75;45;34;48;2;144;93;62m▂[38;2;80;49;37;48;2;140;86;53m▖[38;2;82;44;19;48;2;121;75;48m▄[38;2;81;44;29;48;2;180;120;75m▄[38;2;138;64;20;48;2;198;132;85m▅[38;2;194;117;40;48;2;103;59;36m▂[38;2;117;71;25;48;2;71;39;20m▖[0m[7m[38;2;85;51;38m▆[38;2;130;71;37m▃[0m[38;2;97;59;35m▘[7m[38;2;136;88;61m▆[0m[38;2;78;51;36m▔      [0m
 [38;2;0;0;0m            [0m [7m[38;2;144;99;70m▆[38;2;134;91;65m▆[0m [38;2;190;130;90m▔[0m  [7m[38;2;153;105;75m▆[38;2;58;36;25m▆[0m[38;2;58;36;28m▔[38;2;130;62;20m▔[38;2;216;121;43m▔[0m    [38;2;34;19;7m           [0m
 [38;2;0;0;0m                                       [0m
 [38;2;0;0;0m                                       [0m




