
[0m [38;2;0;0;0m [0m [38;2;159;49;0m▂[38;2;216;129;35m▃[38;2;240;141;23m▖[0m [38;2;58;10;0m   [0m
 [38;2;0;0;0m [7m[38;2;161;80;29m▍[0m[38;2;104;108;36;48;2;206;134;41m▝[38;2;151;111;68;48;2;181;153;58m▗[38;2;221;89;5;48;2;229;175;69m▔[0m[7m[38;2;192;101;25m▝[0m[38;2;135;48;2m▖  [0m
  [7m[38;2;186;96;25m▘[0m[38;2;192;74;9;48;2;156;66;10m▅[38;2;226;142;21;48;2;178;93;9m▞[38;2;176;82;8;48;2;161;141;45m▂[38;2;122;137;53;48;2;221;157;56m▘[38;2;144;75;19;48;2;225;150;56m▁[0m[38;2;115;39;0m▎ [0m
 [38;2;58;34;20m▗[38;2;67;41;29;48;2;155;88;26m▁[38;2;136;65;22;48;2;198;90;3m▁[38;2;128;37;9;48;2;233;120;14m▅[38;2;227;139;34;48;2;175;66;0m▘[38;2;200;136;53;48;2;203;103;7m▗[38;2;195;121;48;48;2;127;67;24m▋[0m [38;2;52;26;11m [0m
  [7m[38;2;55;32;19m▆[0m[38;2;103;66;45m▔[7m[38;2;99;62;40m▆[38;2;134;87;57m▆[38;2;141;86;46m▆[38;2;75;44;24m▆[0m [38;2;24;15;10m [0m




