
[0m [38;2;0;0;0m   [0m  [38;2;158;49;34m▅[38;2;149;55;37m▗[38;2;200;235;109;48;2;111;57;32m▗[38;2;155;206;55;48;2;39;46;23m▆[0m[38;2;77;88;21m▅[38;2;170;63;34m▄[7m[38;2;181;54;35m▞[0m  [38;2;32;12;9m     [0m
 [38;2;0;0;0m  [0m [7m[38;2;212;67;40m▘[38;2;212;72;39m▌[0m[38;2;208;150;64;48;2;209;102;35m▁[38;2;188;80;36;48;2;206;133;48m▔[38;2;208;143;39;48;2;188;164;65m▁[38;2;52;79;11;48;2;166;223;50m▕[38;2;196;115;29;48;2;89;101;20m▅[38;2;196;102;31;48;2;209;125;33m▕[38;2;154;88;21;48;2;205;103;29m▁[0m[38;2;210;74;34m▌[7m[38;2;186;63;38m▝[0m[38;2;9;5;4m     [0m
 [38;2;0;0;0m  [38;2;116;41;31m▗[7m[38;2;236;97;33m▖[0m[38;2;212;160;58;48;2;206;114;35m▁[38;2;177;131;53;48;2;233;164;52m▏[38;2;73;52;18;48;2;230;157;41m▁[38;2;205;141;38;48;2;232;158;41m▁[38;2;154;185;54;48;2;217;153;40m▔[38;2;187;129;37;48;2;232;157;40m▁[38;2;89;62;19;48;2;229;154;40m▁[38;2;163;85;21;48;2;214;132;33m▕[38;2;139;74;22;48;2;226;120;29m▖[0m[38;2;224;86;33m▊[38;2;206;64;46m▖    [0m
 [38;2;0;0;0m [0m [38;2;121;59;52;48;2;233;96;33m▏[38;2;198;74;34;48;2;241;139;35m▔[38;2;213;184;42;48;2;196;151;55m▏[38;2;223;144;36;48;2;232;156;39m▁[38;2;232;160;41;48;2;68;46;14m▄[38;2;124;86;24;48;2;202;137;40m▘[38;2;189;85;22;48;2;213;127;35m▂[38;2;88;59;17;48;2;206;138;38m▝[38;2;14;9;3;48;2;208;143;38m▘[38;2;234;160;40;48;2;217;131;31m▊[38;2;144;116;28;48;2;191;126;30m▗[38;2;241;208;47;48;2;236;118;35m▁[0m[7m[38;2;236;91;34m▕[0m [38;2;9;6;6m   [0m
 [38;2;0;0;0m [7m[38;2;210;69;36m▌[0m[38;2;249;178;39;48;2;242;106;31m▗[38;2;87;71;34;48;2;212;166;54m▖[38;2;165;103;27;48;2;229;158;46m▂[38;2;228;152;39;48;2;233;160;40m▔[38;2;233;160;40;48;2;233;161;41m▗[38;2;225;147;38;48;2;232;159;41m▁[38;2;154;79;22;48;2;230;157;40m▔[38;2;229;154;39;48;2;233;159;40m▕[38;2;225;146;37;48;2;231;155;39m▖[38;2;211;130;32;48;2;230;154;39m▗[38;2;158;85;21;48;2;220;147;38m▁[38;2;82;65;20;48;2;194;133;32m▗[38;2;217;78;34;48;2;246;124;31m▕[0m[38;2;197;68;46m▌   [0m
 [38;2;0;0;0m [38;2;120;43;32m▝[38;2;129;49;36;48;2;245;129;32m▖[38;2;245;208;46;48;2;145;114;29m▆[38;2;183;144;34;48;2;126;74;19m▆[38;2;187;96;20;48;2;221;139;34m▁[38;2;208;115;25;48;2;231;159;40m▁[38;2;230;154;40;48;2;233;159;40m▔[38;2;234;159;40;48;2;233;160;41m▆[38;2;223;144;36m▂[38;2;207;114;26;48;2;226;148;38m▂[38;2;176;90;19;48;2;210;119;28m▁[38;2;187;152;37;48;2;124;65;16m▆[38;2;148;108;27;48;2;236;197;43m▔[0m[7m[38;2;244;120;33m▗[0m [38;2;77;26;19m   [0m
 [38;2;0;0;0m  [0m [7m[38;2;214;94;38m▄[38;2;239;168;41m▃[0m[38;2;27;18;7;48;2;151;102;33m▂[38;2;1;1;0;48;2;166;99;25m▁[0m[7m[38;2;162;85;19m▃[38;2;192;100;22m▄[38;2;131;71;17m▁[0m[38;2;1;1;0;48;2;170;105;31m▁[0m[7m[38;2;134;87;25m▁[38;2;238;161;40m▃[38;2;205;88;39m▄[0m [38;2;80;30;20m    [0m




