
[0m [38;2;0;0;0m                                                                               [0m
 [38;2;0;0;0m                                       [0m [38;2;187;35;0m▃[0m [38;2;98;18;0m                                     [0m
 [38;2;0;0;0m                                   [38;2;188;97;3m▗[38;2;185;90;2m▖  [0m [7m[38;2;205;37;0m▎[0m[38;2;168;32;0;48;2;224;54;0m▔[0m[38;2;192;35;0m▅[0m  [38;2;93;16;0m                                  [0m
 [38;2;0;0;0m                                   [0m  [38;2;179;32;0m▂[0m  [7m[38;2;209;38;0m▍[0m[38;2;223;50;0;48;2;248;112;0m▌[38;2;248;114;0;48;2;225;54;0m▖[38;2;116;22;1;48;2;216;41;0m▝[38;2;131;21;0;48;2;221;50;0m▝[0m [38;2;100;16;0m                                 [0m
 [38;2;0;0;0m                               [0m [38;2;155;28;0m▄[0m [38;2;34;6;0m [0m [38;2;198;33;0m▝[7m[38;2;187;33;0m▅[0m[38;2;140;25;0m▂[38;2;200;37;0m▄[38;2;208;38;0;48;2;236;85;0m▘[38;2;253;158;7;48;2;240;92;0m▄[38;2;237;85;0;48;2;253;121;0m▝[38;2;251;103;0;48;2;232;65;0m▅[38;2;247;102;0;48;2;225;51;0m▌[0m[38;2;194;32;0m▌                                 [0m
 [38;2;0;0;0m                         [0m [38;2;142;25;0m▂[38;2;212;38;0m▃[38;2;197;35;0m▖[0m [38;2;154;27;0m▗[7m[38;2;206;37;0m▂[0m[38;2;199;37;0m▘[38;2;189;33;0m▃[38;2;217;45;0m▄[38;2;217;66;0m▆[7m[38;2;211;47;0m▔[0m[38;2;149;26;1;48;2;223;58;0m▔[38;2;250;130;0;48;2;224;53;0m▄[38;2;228;68;0;48;2;251;126;0m▔[38;2;254;230;65;48;2;253;157;18m▗[38;2;254;183;29;48;2;253;226;56m▁[38;2;253;173;17;48;2;253;143;0m▎[38;2;247;103;0;48;2;253;130;0m▁[38;2;191;33;0;48;2;227;66;0m▕[0m[38;2;169;29;0m▘                                 [0m
 [38;2;0;0;0m                   [38;2;198;100;2m▗[38;2;168;84;3m▖  [0m [38;2;191;34;0m▄[38;2;223;58;0m▆[38;2;248;110;0;48;2;225;55;0m▖[38;2;135;24;0;48;2;217;39;0m▗[0m  [38;2;177;29;0m▃[38;2;204;37;0m▆[38;2;191;34;0;48;2;230;69;0m▔[38;2;251;115;0;48;2;226;59;0m▅[38;2;253;186;9;48;2;248;106;0m▅[38;2;254;192;13;48;2;253;121;0m▅[38;2;253;199;23;48;2;246;113;0m▅[38;2;253;199;17;48;2;253;145;0m▅[38;2;253;186;4;48;2;254;203;8m▔[38;2;253;233;91;48;2;253;192;14m▂[38;2;253;228;94;48;2;254;185;14m▖[38;2;253;176;3;48;2;254;151;2m▆[38;2;242;89;0;48;2;253;138;0m▄[38;2;243;95;0;48;2;220;43;0m▘[0m[38;2;147;25;0m▌[0m [7m[38;2;158;79;3m▂[0m  [38;2;189;33;0m▖                             [0m
 [38;2;0;0;0m                   [0m  [38;2;178;30;0m▅[38;2;143;23;0m▗[38;2;133;22;0;48;2;210;39;0m▔[38;2;246;99;0;48;2;224;53;0m▅[38;2;253;172;7;48;2;252;102;0m▃[38;2;252;153;5;48;2;239;80;0m▂[38;2;118;22;0;48;2;227;59;0m▝[0m[38;2;200;41;0m▃[38;2;123;21;0;48;2;213;43;0m▘[38;2;245;114;0;48;2;220;53;0m▅[38;2;253;137;5;48;2;232;79;0m▅[38;2;253;212;46;48;2;253;130;5m▅[38;2;253;236;127;48;2;253;210;45m▂[38;2;253;233;144;48;2;253;185;17m▃[38;2;253;243;168;48;2;253;156;33m▄[38;2;253;235;146;48;2;253;250;173m▔[38;2;253;247;154;48;2;253;235;118m▊[38;2;253;241;135;48;2;253;207;53m▆[38;2;253;163;31;48;2;253;240;142m▄[38;2;253;200;86;48;2;253;137;4m▘[38;2;238;87;0;48;2;252;139;2m▆[38;2;232;73;0;48;2;220;39;0m▘[0m[7m[38;2;178;31;0m▗[0m[38;2;133;24;0m▔[38;2;167;30;0m▖[0m [38;2;172;30;0m▃[7m[38;2;216;41;0m▘[0m[38;2;217;40;0;48;2;133;21;0m▊[0m [38;2;39;6;0m                            [0m
 [38;2;0;0;0m                  [0m  [7m[38;2;167;29;0m▊[0m[38;2;225;55;0;48;2;223;41;0m▗[38;2;241;95;0;48;2;213;43;0m▃[38;2;233;80;0;48;2;224;47;0m▝[38;2;247;125;38;48;2;253;215;110m▌[38;2;253;246;161;48;2;253;208;26m▃[38;2;242;228;146;48;2;253;190;5m▄[38;2;222;198;140;48;2;249;108;0m▅[38;2;182;167;128;48;2;229;69;17m▅[38;2;46;32;13;48;2;228;166;108m▂[38;2;59;53;15;48;2;232;194;130m▃[38;2;84;91;26;48;2;231;207;149m▄[38;2;136;137;77;48;2;233;227;168m▅[38;2;147;136;92;48;2;227;224;168m▄[38;2;104;96;46;48;2;239;237;177m▄[38;2;89;64;45;48;2;235;233;171m▃[38;2;253;211;41;48;2;252;243;152m▗[38;2;253;233;95;48;2;253;209;28m▔[38;2;253;167;16;48;2;253;224;91m▆[38;2;253;209;31;48;2;253;156;12m▗[38;2;253;208;23;48;2;239;152;7m▊[38;2;243;86;0;48;2;223;49;0m▂[38;2;183;34;0;48;2;226;55;0m▝[0m[38;2;206;42;0m▆[38;2;187;33;0;48;2;228;62;0m▔[38;2;174;33;0;48;2;223;49;0m▔[38;2;154;26;0;48;2;230;68;0m▔[38;2;250;123;0;48;2;225;55;0m▅[38;2;246;113;0;48;2;223;50;0m▌[38;2;216;38;0;48;2;135;21;0m▊[0m [38;2;42;6;0m                            [0m
 [38;2;0;0;0m                  [38;2;152;27;0m▗[38;2;205;40;0m▆[38;2;163;30;0m▖[7m[38;2;174;33;0m▖[0m[38;2;235;72;0;48;2;250;142;0m▋[38;2;253;199;14;48;2;245;118;1m▆[38;2;248;178;49;48;2;252;243;150m▘[38;2;203;199;155;48;2;75;57;39m▍[38;2;130;124;95;48;2;52;89;6m▔[38;2;43;24;15;48;2;59;110;9m▔[38;2;47;100;5;48;2;123;156;43m▂[38;2;147;182;56;48;2;77;126;19m▘[38;2;91;133;22;48;2;52;112;6m▔[38;2;92;149;19;48;2;56;115;7m▔[38;2;218;234;121;48;2;109;160;33m▝[38;2;132;183;37;48;2;229;239;143m▅[38;2;108;167;25;48;2;185;216;82m▆[38;2;92;131;19;48;2;59;42;24m▍[38;2;173;169;130;48;2;250;247;175m▎[38;2;253;241;138;48;2;253;219;49m▌[38;2;253;242;145;48;2;254;176;10m▄[38;2;253;232;125;48;2;253;196;22m▆[38;2;253;247;163;48;2;253;201;24m▂[38;2;253;239;136;48;2;253;176;13m▃[38;2;246;155;28;48;2;241;96;0m▎[38;2;253;205;34;48;2;250;126;3m▗[38;2;253;213;90;48;2;252;134;0m▂[38;2;253;219;49;48;2;251;135;4m▅[38;2;253;128;0;48;2;253;170;4m▗[38;2;226;61;0;48;2;250;138;0m▗[38;2;173;31;0;48;2;221;52;0m▁[0m[38;2;196;33;0m▘[0m [38;2;146;25;0m▖                           [0m
 [38;2;0;0;0m               [0m [38;2;200;59;0m▂[0m [7m[38;2;205;37;0m▏[0m[38;2;225;54;0;48;2;248;108;1m▎[38;2;251;161;11;48;2;229;63;0m▅[38;2;252;151;9;48;2;223;54;0m▄[38;2;253;224;72;48;2;249;132;4m▃[38;2;253;217;90;48;2;253;200;21m▁[38;2;253;203;43;48;2;253;244;154m▖[38;2;223;220;168;48;2;64;40;30m▋[38;2;39;42;1;48;2;42;91;3m▍[38;2;21;55;0;48;2;49;107;5m▃[38;2;47;103;5;48;2;24;60;0m▘[38;2;20;53;0;48;2;37;88;2m▅[38;2;39;85;3;48;2;52;112;6m▆[38;2;18;47;0;48;2;50;104;6m▅[38;2;61;111;8;48;2;20;47;0m▝[38;2;55;108;7;48;2;96;154;19m▃[38;2;32;66;1;48;2;78;137;12m▅[38;2;73;129;12;48;2;32;33;0m▘[38;2;248;247;185;48;2;107;80;57m▝[38;2;115;58;28;48;2;245;242;179m▃[38;2;143;90;56;48;2;248;245;180m▄[38;2;157;83;44;48;2;246;242;177m▄[38;2;163;74;38;48;2;248;244;178m▄[38;2;165;58;35;48;2;248;237;171m▃[38;2;177;92;65;48;2;246;211;138m▁[38;2;208;172;126;48;2;252;245;164m▁[38;2;253;221;59;48;2;253;247;153m▗[38;2;253;242;125;48;2;253;211;35m▘[38;2;253;163;8;48;2;237;98;0m▌[38;2;182;36;0;48;2;213;41;0m▕[0m[38;2;211;42;0m▃[38;2;205;44;0m▅[38;2;132;24;0;48;2;225;67;0m▔[0m[38;2;206;37;0m▌                           [0m
 [38;2;0;0;0m               [0m [7m[38;2;220;58;0m▄[0m[38;2;150;32;1m▘[38;2;166;143;102;48;2;168;36;5m▂[38;2;250;218;161;48;2;244;111;5m▃[38;2;253;130;1;48;2;243;202;121m▘[38;2;133;40;23;48;2;247;229;144m▃[38;2;107;12;2;48;2;233;217;135m▃[38;2;133;40;6;48;2;231;219;154m▄[38;2;114;29;10;48;2;225;212;159m▅[38;2;89;13;5;48;2;178;167;130m▆[38;2;79;50;0;48;2;63;6;0m▝[38;2;100;54;1;48;2;61;21;0m▘[38;2;61;12;0;48;2;23;46;0m▂[38;2;126;46;0;48;2;38;36;0m▁[38;2;220;128;0;48;2;33;43;1m▃[38;2;234;153;8;48;2;39;33;0m▃[38;2;230;207;50;48;2;28;22;0m▄[38;2;239;187;20;48;2;51;37;0m▄[38;2;224;157;1;48;2;78;43;0m▆[38;2;104;75;2;48;2;242;143;1m▔[38;2;254;128;0;48;2;226;185;34m▄[38;2;253;159;10;48;2;237;221;96m▅[38;2;253;196;21;48;2;248;241;148m▆[38;2;253;189;25;48;2;253;241;140m▖[38;2;253;209;31;48;2;250;236;124m▗[38;2;180;94;24;48;2;247;206;63m▔[38;2;246;206;54;48;2;168;45;2m▆[38;2;183;124;89;48;2;164;61;17m▕[38;2;187;111;78;48;2;245;237;169m▁[38;2;251;235;121;48;2;253;193;28m▄[38;2;253;196;22;48;2;252;119;0m▄[38;2;253;187;13;48;2;237;77;0m▃[38;2;253;187;11;48;2;249;90;0m▃[38;2;250;94;0;48;2;249;117;0m▘[38;2;149;24;0;48;2;232;70;0m▗[0m[38;2;142;24;0m▘ [0m [38;2;166;29;0m▂[38;2;189;35;0m▃[38;2;207;39;0m▃[38;2;124;22;0m▖[0m [38;2;4;1;0m                    [0m
 [38;2;0;0;0m                [0m [7m[38;2;93;38;19m▋[0m[38;2;122;26;10;48;2;201;191;140m▆[38;2;155;56;0;48;2;185;163;126m▆[38;2;227;118;0;48;2;121;47;26m▄[38;2;200;80;0;48;2;163;38;0m▞[38;2;214;72;0;48;2;236;142;1m▖[38;2;253;178;1;48;2;250;121;0m▖[38;2;221;69;0;48;2;177;52;0m▆[38;2;104;16;0;48;2;234;98;0m▔[38;2;148;96;0;48;2;246;144;0m▔[38;2;243;126;0;48;2;130;63;0m▆[38;2;245;121;0;48;2;106;34;0m▆[38;2;155;63;0;48;2;247;147;7m▔[38;2;253;145;0;48;2;253;129;0m▁[38;2;253;141;0;48;2;253;192;12m▄[38;2;253;148;1;48;2;253;219;55m▆[38;2;172;86;0;48;2;247;146;7m▁[38;2;74;37;6;48;2;243;129;0m▄[38;2;68;55;41;48;2;223;139;0m▅[38;2;176;161;134;48;2;95;53;5m▂[38;2;62;46;31;48;2;227;118;0m▆[38;2;24;15;6;48;2;216;155;39m▄[38;2;118;104;40;48;2;239;226;134m▂[38;2;251;203;83;48;2;253;174;26m▎[38;2;253;241;98;48;2;253;178;9m▄[38;2;252;198;25;48;2;250;149;9m▞[38;2;239;102;3;48;2;235;151;4m▖[38;2;210;125;2;48;2;145;35;6m▌[38;2;150;66;46;48;2;235;218;156m▎[38;2;253;235;96;48;2;253;224;46m▖[38;2;252;126;6;48;2;253;210;35m▗[38;2;236;79;0;48;2;252;163;8m▅[38;2;144;26;0;48;2;198;46;0m▕[0m[38;2;135;25;0m▃[0m [38;2;185;33;0m▅[38;2;139;25;0;48;2;226;64;0m▔[38;2;247;105;0;48;2;227;58;0m▖[38;2;200;38;0;48;2;223;43;0m▕[0m[38;2;189;37;0m▘[0m   [38;2;7;3;0m                   [0m
 [38;2;0;0;0m                [7m[38;2;92;12;0m▊[0m[38;2;171;67;0;48;2;119;16;0m▕[38;2;233;106;0;48;2;208;60;0m▋[38;2;161;37;0;48;2;220;63;0m▂[38;2;22;5;0;48;2;206;68;0m▃[38;2;57;40;25;48;2;211;89;0m▅[38;2;65;44;31;48;2;225;82;0m▅[38;2;48;23;4;48;2;240;128;0m▄[38;2;161;72;0;48;2;226;98;0m▂[38;2;230;81;0;48;2;244;111;0m▔[38;2;253;176;1;48;2;236;78;0m▄[38;2;250;111;0;48;2;242;91;0m▞[38;2;242;82;0;48;2;253;138;1m▆[38;2;240;77;0;48;2;251;145;3m▖[38;2;252;142;9;48;2;253;205;34m▘[38;2;253;210;45;48;2;253;172;8m▘[38;2;116;54;0;48;2;243;112;0m▗[38;2;127;40;2;48;2;73;27;0m▗[38;2;86;73;56;48;2;28;11;6m▝[38;2;174;157;130;48;2;25;14;11m▔[38;2;212;211;203;48;2;113;103;89m▅[38;2;134;126;116;48;2;202;192;174m▗[38;2;76;67;55;48;2;180;163;138m▝[38;2;121;109;93;48;2;26;14;3m▖[38;2;56;24;0;48;2;226;127;7m▖[38;2;253;133;1;48;2;253;222;101m▅[38;2;253;139;19;48;2;253;222;89m▂[38;2;252;229;113;48;2;248;141;35m▘[38;2;246;167;2;48;2;185;70;0m▖[38;2;141;47;29;48;2;221;200;150m▌[38;2;253;168;17;48;2;244;223;118m▝[38;2;253;213;44;48;2;252;123;2m▅[38;2;244;117;5;48;2;239;74;0m▎[38;2;223;62;0;48;2;140;38;0m▋[0m[38;2;153;35;0m▂[38;2;170;33;0m▂[38;2;212;40;0;48;2;232;70;0m▌[38;2;252;184;18;48;2;251;111;1m▗[38;2;249;116;1;48;2;224;52;0m▍[38;2;187;33;0;48;2;221;41;0m▕[0m[38;2;159;29;0m▖ [7m[38;2;174;85;2m▃[0m [38;2;122;57;2m                   [0m
 [38;2;0;0;0m                [0m [38;2;69;10;0;48;2;114;14;0m▎[38;2;142;31;0;48;2;223;85;0m▅[38;2;107;24;0;48;2;28;11;8m▘[38;2;37;30;25;48;2;150;137;116m▘[38;2;39;25;20;48;2;143;130;111m▅[38;2;92;81;67;48;2;24;10;8m▔[38;2;198;196;191;48;2;69;61;58m▆[38;2;170;166;162;48;2;84;55;38m▍[38;2;91;36;0;48;2;233;103;0m▖[38;2;253;116;0;48;2;253;172;1m▅[38;2;253;177;1;48;2;251;133;0m▘[38;2;230;68;0;48;2;248;117;0m▘[38;2;250;103;0;48;2;252;129;0m▄[38;2;253;166;1;48;2;253;134;0m▂[38;2;253;148;0;48;2;253;177;2m▌[38;2;220;155;1;48;2;70;46;19m▌[38;2;198;136;79;48;2;79;32;14m▌[38;2;117;23;1;48;2;25;2;0m▂[38;2;26;2;0;48;2;21;2;0m▃[38;2;149;146;141;48;2;28;8;5m▔[38;2;188;84;0;48;2;74;33;18m▗[38;2;135;77;49;48;2;229;213;181m▋[38;2;222;209;179;48;2;62;51;45m▋[38;2;41;17;0;48;2;193;123;0m▊[38;2;253;166;7;48;2;253;147;0m▁[38;2;253;211;29;48;2;253;137;3m▅[38;2;253;220;56;48;2;246;131;10m▆[38;2;253;222;76;48;2;243;119;1m▄[38;2;252;212;20;48;2;176;76;1m▖[38;2;147;51;31;48;2;239;229;168m▌[38;2;253;196;30;48;2;253;237;135m▝[38;2;237;218;136;48;2;253;142;6m▄[38;2;237;226;147;48;2;252;198;16m▄[38;2;250;238;161;48;2;247;148;15m▃[38;2;249;213;144;48;2;234;97;7m▂[38;2;251;203;52;48;2;236;84;0m▂[38;2;251;161;13;48;2;253;218;26m▘[38;2;252;192;29;48;2;248;102;3m▍[38;2;246;131;4;48;2;224;50;0m▅[0m[38;2;190;37;0m▌[38;2;201;37;0m▂[38;2;179;33;0m▅[0m  [38;2;143;27;0m▖                 [0m
 [38;2;0;0;0m               [0m  [38;2;56;6;0;48;2;104;11;0m▏[38;2;135;37;0;48;2;193;59;0m▕[38;2;50;28;21;48;2;177;160;136m▊[38;2;211;191;162;48;2;98;39;22m▋[38;2;169;44;0;48;2;62;13;0m▖[38;2;86;12;0;48;2;24;2;0m▂[38;2;109;15;0;48;2;28;6;4m▁[38;2;61;11;3;48;2;126;29;0m▌[38;2;179;85;0;48;2;81;30;0m▝[38;2;229;192;28;48;2;172;87;1m▃[38;2;244;227;105;48;2;147;80;1m▄[38;2;247;223;109;48;2;128;77;20m▅[38;2;242;196;77;48;2;130;78;28m▅[38;2;241;216;116;48;2;171;136;26m▃[38;2;152;128;74;48;2;242;154;0m▄[38;2;239;149;0;48;2;137;90;21m▘[38;2;95;69;49;48;2;194;177;152m▖[38;2;217;176;138;48;2;197;102;18m▖[38;2;222;129;1;48;2;54;24;0m▅[38;2;215;112;0;48;2;31;10;0m▅[38;2;145;78;27;48;2;216;116;1m▂[38;2;169;117;73;48;2;206;197;163m▌[38;2;204;194;161;48;2;76;58;48m▋[38;2;48;20;4;48;2;187;117;2m▌[38;2;251;188;12;48;2;244;139;5m▂[38;2;252;181;7;48;2;252;140;5m▃[38;2;252;118;1;48;2;253;189;19m▃[38;2;253;193;33;48;2;251;142;13m▘[38;2;251;206;139;48;2;233;108;15m▁[38;2;166;70;49;48;2;246;232;173m▘[38;2;132;103;77;48;2;241;237;176m▗[38;2;115;89;65;48;2;98;28;9m▔[38;2;185;85;1;48;2;92;39;11m▄[38;2;224;120;0;48;2;134;83;30m▖[38;2;103;61;36;48;2;219;215;159m▅[38;2;253;239;116;48;2;249;245;162m▕[38;2;253;227;99;48;2;253;216;33m▅[38;2;248;88;0;48;2;252;161;10m▝[38;2;253;204;33;48;2;249;131;5m▃[38;2;252;173;20;48;2;224;65;1m▄[38;2;253;125;0;48;2;230;68;0m▖[0m[7m[38;2;203;37;0m▕[0m [7m[38;2;179;32;0m▘[0m[38;2;176;32;0;48;2;218;43;0m▕[0m[38;2;180;31;0m▖                [0m
 [38;2;0;0;0m             [0m [38;2;129;34;1m▂[0m  [7m[38;2;97;9;0m▎[0m[38;2;179;41;0;48;2;98;10;0m▄[38;2;64;16;7;48;2;140;130;108m▊[38;2;99;87;75;48;2;225;208;171m▁[38;2;62;35;18;48;2;207;125;21m▁[38;2;61;37;0;48;2;176;130;7m▁[38;2;223;113;0;48;2;105;39;0m▗[38;2;205;63;0;48;2;127;54;0m▆[38;2;218;81;0;48;2;214;58;0m▔[38;2;236;110;4;48;2;250;215;58m▍[38;2;245;204;31;48;2;253;241;133m▆[38;2;187;109;11;48;2;252;211;22m▁[38;2;236;195;44;48;2;253;150;1m▄[38;2;237;200;45;48;2;253;171;7m▃[38;2;254;217;87;48;2;250;182;19m▔[38;2;204;189;95;48;2;253;213;34m▔[38;2;249;204;23;48;2;113;88;11m▆[38;2;247;208;15;48;2;109;89;51m▅[38;2;239;204;19;48;2;69;26;9m▅[38;2;226;178;24;48;2;103;57;12m▅[38;2;133;92;15;48;2;204;197;117m▅[38;2;249;186;14;48;2;249;244;150m▄[38;2;253;152;14;48;2;242;226;137m▄[38;2;253;178;48;48;2;245;213;96m▃[38;2;253;137;5;48;2;253;215;64m▂[38;2;251;142;6;48;2;250;113;0m▎[38;2;251;200;101;48;2;250;119;5m▗[38;2;252;120;2;48;2;224;193;131m▘[38;2;102;62;35;48;2;222;215;159m▅[38;2;219;216;165;48;2;118;87;12m▔[38;2;118;158;21;48;2;72;34;17m▄[38;2;210;218;123;48;2;82;29;7m▃[38;2;145;154;81;48;2;119;41;6m▂[38;2;73;26;7;48;2;109;84;61m▊[38;2;221;215;158;48;2;143;123;91m▆[38;2;253;232;110;48;2;253;249;162m▗[38;2;253;172;27;48;2;253;230;101m▄[38;2;253;242;133;48;2;253;217;47m▂[38;2;253;235;81;48;2;253;204;30m▖[38;2;253;189;7;48;2;253;136;2m▂[38;2;250;157;0;48;2;234;80;0m▂[0m[38;2;237;115;3m▄[38;2;226;60;0m▆[38;2;251;132;11;48;2;236;82;0m▂[38;2;249;108;0;48;2;229;65;0m▊[0m[38;2;212;37;0m▊[0m [38;2;217;86;0m▅[0m [38;2;64;25;1m             [0m
 [38;2;0;0;0m             [38;2;147;42;3m▝[38;2;226;161;12;48;2;154;52;1m▝[0m[7m[38;2;162;78;5m▂[0m [7m[38;2;102;9;0m▎[0m[38;2;226;161;12;48;2;157;53;2m▗[38;2;229;150;6;48;2;96;35;0m▆[38;2;75;45;17;48;2;237;136;1m▔[38;2;134;85;1;48;2;189;142;2m▄[38;2;235;171;2;48;2;120;80;1m▅[38;2;188;44;0;48;2;242;129;0m▁[38;2;143;24;0;48;2;217;83;0m▃[38;2;75;7;0;48;2;215;81;0m▅[38;2;51;1;0;48;2;176;72;1m▆[38;2;149;69;2;48;2;51;1;0m▔[38;2;135;44;2;48;2;49;1;0m▔[38;2;142;48;3;48;2;51;1;0m▔[38;2;158;73;5;48;2;56;1;0m▔[38;2;183;102;9;48;2;72;3;0m▔[38;2;69;3;0;48;2;185;80;7m▆[38;2;68;2;0;48;2;209;105;9m▆[38;2;87;33;0;48;2;214;107;7m▆[38;2;234;165;2;48;2;187;72;1m▖[38;2;175;142;3;48;2;115;32;0m▗[38;2;238;185;6;48;2;130;79;0m▆[38;2;252;116;1;48;2;253;140;0m▃[38;2;253;221;81;48;2;253;144;8m▝[38;2;252;135;7;48;2;253;215;88m▄[38;2;252;196;24;48;2;251;118;4m▂[38;2;253;166;7;48;2;246;113;2m▆[38;2;105;52;7;48;2;239;172;55m▗[38;2;175;99;0;48;2;75;35;17m▗[38;2;49;84;0;48;2;142;91;1m▗[38;2;71;124;10;48;2;41;76;1m▗[38;2;76;133;13;48;2;129;175;47m▋[38;2;216;228;135;48;2;139;179;65m▂[38;2;98;154;29;48;2;179;210;99m▅[38;2;107;160;24;48;2;68;102;6m▍[38;2;127;70;0;48;2;81;42;17m▄[38;2;74;27;21;48;2;204;194;143m▖[38;2;198;141;103;48;2;246;233;161m▁[38;2;166;73;36;48;2;252;250;177m▃[38;2;155;61;18;48;2;242;225;140m▃[38;2;160;72;36;48;2;248;233;150m▄[38;2;148;55;28;48;2;237;207;123m▃[38;2;240;224;156;48;2;251;161;22m▆[38;2;253;237;129;48;2;252;141;14m▆[38;2;252;213;70;48;2;247;118;15m▌[38;2;241;129;7;48;2;236;71;0m▂[0m[38;2;204;36;0m▊[0m   [38;2;4;1;0m             [0m
 [38;2;0;0;0m               [0m  [7m[38;2;98;10;0m▌[0m[38;2;239;191;14;48;2;144;61;3m▝[38;2;239;126;3;48;2;235;85;0m▎[38;2;187;33;0;48;2;215;57;0m▆[38;2;171;27;0;48;2;109;24;0m▄[38;2;99;10;0;48;2;192;57;0m▆[38;2;40;2;0;48;2;139;24;0m▖[38;2;66;6;0;48;2;169;35;0m▝[38;2;49;14;0;48;2;29;0;0m▁[38;2;80;5;1;48;2;35;0;0m▁[38;2;168;16;2;48;2;51;2;0m▄[38;2;179;18;3;48;2;48;2;0m▆[38;2;169;23;8;48;2;94;7;1m▗[38;2;189;34;15;48;2;71;4;0m▆[38;2;229;74;42;48;2;177;20;4m▂[38;2;130;13;2;48;2;190;24;6m▔[38;2;134;98;8;48;2;102;12;2m▗[38;2;110;81;3;48;2;226;144;3m▘[38;2;94;41;0;48;2;203;112;0m▞[38;2;181;104;0;48;2;238;145;0m▏[38;2;253;201;19;48;2;253;146;3m▃[38;2;247;110;2;48;2;253;205;60m▂[38;2;225;78;5;48;2;249;172;35m▗[38;2;212;71;4;48;2;248;189;95m▃[38;2;241;107;7;48;2;253;205;87m▄[38;2;105;27;0;48;2;233;110;0m▄[38;2;121;96;1;48;2;95;42;0m▗[38;2;50;90;2;48;2;171;111;1m▄[38;2;97;152;20;48;2;44;91;2m▂[38;2;164;201;81;48;2;99;152;22m▗[38;2;145;192;48;48;2;229;238;141m▘[38;2;126;170;58;48;2;233;239;151m▗[38;2;62;108;11;48;2;142;187;52m▃[38;2;45;80;5;48;2;20;53;0m▏[38;2;17;52;0;48;2;127;61;0m▏[38;2;203;126;1;48;2;80;20;1m▗[38;2;242;156;2;48;2;140;32;8m▅[38;2;214;91;1;48;2;241;180;12m▎[38;2;246;205;65;48;2;249;177;18m▝[38;2;251;200;40;48;2;252;242;138m▂[38;2;249;126;13;48;2;228;190;87m▂[38;2;237;143;2;48;2;151;64;23m▖[38;2;133;58;42;48;2;235;220;144m▖[38;2;253;207;71;48;2;252;169;8m▍[38;2;251;196;10;48;2;240;102;0m▘[0m[7m[38;2;186;56;1m▝[0m[38;2;205;39;0m▄[38;2;209;38;0;48;2;133;22;0m▆[0m [38;2;67;11;0m             [0m
 [38;2;0;0;0m             [0m [38;2;129;69;5m▖[0m [38;2;164;34;0m▄[7m[38;2;102;28;13m▌[0m[38;2;131;36;2;48;2;209;130;0m▋[38;2;228;134;0;48;2;207;66;0m▍[38;2;183;31;0;48;2;234;76;0m▃[38;2;215;63;0;48;2;180;33;0m▘[38;2;197;59;0;48;2;154;24;0m▖[38;2;49;4;0;48;2;121;12;0m▝[38;2;45;3;0;48;2;151;55;0m▖[38;2;38;10;0;48;2;186;77;0m▝[38;2;67;14;2;48;2;201;50;25m▌[38;2;252;81;49;48;2;206;44;21m▆[38;2;252;86;53;48;2;196;44;22m▆[38;2;253;105;69;48;2;214;63;36m▆[38;2;253;143;99;48;2;253;100;64m▄[38;2;153;57;31;48;2;245;107;70m▗[38;2;220;160;12;48;2;156;58;13m▗[38;2;147;70;0;48;2;221;142;7m▗[38;2;115;47;0;48;2;204;97;0m▞[38;2;207;81;0;48;2;240;105;0m▏[38;2;250;152;1;48;2;246;110;0m▝[38;2;223;66;0;48;2;249;157;2m▅[38;2;217;58;0;48;2;247;166;6m▂[38;2;153;41;0;48;2;239;140;4m▂[38;2;91;34;0;48;2;192;47;0m▄[38;2;85;80;4;48;2;149;50;0m▆[38;2;84;126;9;48;2;47;66;2m▖[38;2;97;151;21;48;2;30;73;1m▃[38;2;185;215;89;48;2;74;132;15m▂[38;2;210;227;127;48;2;120;173;38m▃[38;2;123;179;33;48;2;196;218;114m▆[38;2;63;108;12;48;2;199;218;114m▅[38;2;29;60;1;48;2;93;147;20m▃[38;2;34;66;2;48;2;19;43;0m▏[38;2;48;14;0;48;2;122;80;0m▁[38;2;106;42;0;48;2;59;21;0m▁[38;2;225;187;31;48;2;121;24;0m▃[38;2;249;214;52;48;2;224;82;0m▃[38;2;246;215;98;48;2;238;111;6m▂[38;2;251;233;121;48;2;228;114;15m▂[38;2;249;241;147;48;2;217;106;8m▃[38;2;253;244;153;48;2;223;95;5m▃[38;2;252;241;140;48;2;194;82;1m▃[38;2;216;184;104;48;2;148;67;28m▞[38;2;140;59;37;48;2;239;207;133m▖[38;2;253;241;145;48;2;253;180;22m▖[38;2;240;141;6;48;2;252;195;12m▔[38;2;245;161;14;48;2;241;100;3m▌[38;2;239;87;0;48;2;222;45;0m▍[0m[38;2;162;30;0m▍             [0m
 [38;2;0;0;0m          [0m [38;2;95;36;10m▃[38;2;158;63;4m▃[0m  [7m[38;2;196;39;0m▌[0m[38;2;223;50;0;48;2;243;94;0m▊[38;2;227;110;28;48;2;244;223;164m▋[38;2;216;203;155;48;2;117;35;23m▍[38;2;127;41;0;48;2;214;119;0m▍[38;2;247;107;0;48;2;186;35;0m▄[38;2;234;86;0;48;2;180;29;0m▖[38;2;175;26;0;48;2;148;16;0m▅[38;2;164;22;0;48;2;125;12;0m▅[38;2;56;3;0;48;2;121;11;0m▝[38;2;209;87;0;48;2;62;13;0m▝[38;2;100;38;3;48;2;193;89;0m▝[38;2;138;61;1;48;2;223;67;36m▅[38;2;105;47;1;48;2;244;76;45m▄[38;2;148;80;7;48;2;248;113;75m▅[38;2;243;174;14;48;2;160;75;27m▃[38;2;229;134;3;48;2;131;81;7m▆[38;2;115;36;0;48;2;230;122;1m▄[38;2;223;78;0;48;2;136;46;0m▃[38;2;230;89;0;48;2;244;145;0m▆[38;2;252;148;1;48;2;249;130;0m▝[38;2;146;49;0;48;2;247;139;2m▃[38;2;95;36;0;48;2;202;59;0m▄[38;2;116;102;4;48;2;113;30;0m▃[38;2;88;121;10;48;2;70;32;0m▅[38;2;157;198;71;48;2;55;87;5m▂[38;2;226;237;134;48;2;74;122;16m▂[38;2;226;238;130;48;2;106;156;28m▄[38;2;187;215;90;48;2;132;180;40m▞[38;2;106;158;36;48;2;231;242;130m▄[38;2;95;149;26;48;2;192;210;117m▅[38;2;27;58;1;48;2;65;119;10m▅[38;2;37;13;0;48;2;20;39;0m▃[38;2;199;116;0;48;2;58;31;0m▗[38;2;237;144;0;48;2;49;25;0m▅[38;2;241;173;11;48;2;52;17;1m▆[38;2;247;196;27;48;2;135;50;3m▆[38;2;252;204;36;48;2;225;102;5m▄[38;2;250;147;11;48;2;251;205;87m▆[38;2;253;191;53;48;2;253;241;139m▅[38;2;253;235;96;48;2;253;246;135m▖[38;2;253;176;39;48;2;253;239;145m▄[38;2;252;133;6;48;2;253;232;138m▅[38;2;252;141;3;48;2;252;210;122m▆[38;2;249;127;0;48;2;238;174;18m▄[38;2;136;38;7;48;2;171;132;95m▊[38;2;244;236;160;48;2;252;200;88m▊[38;2;241;104;1;48;2;251;130;1m▁[38;2;188;44;0;48;2;236;86;0m▁[0m[7m[38;2;182;36;0m▃[0m [38;2;34;6;0m             [0m
 [38;2;0;0;0m          [0m [7m[38;2;93;34;13m▂[38;2;163;59;4m▁[0m[38;2;175;60;2m▘[0m [7m[38;2;214;42;0m▎[0m[38;2;253;192;14;48;2;241;123;0m▗[38;2;253;157;36;48;2;252;198;117m▋[38;2;162;119;88;48;2;244;238;174m▝[38;2;190;120;3;48;2;130;34;15m▝[38;2;247;164;4;48;2;206;64;0m▘[38;2;220;72;0;48;2;203;47;0m▅[38;2;183;36;0;48;2;207;60;0m▋[38;2;149;19;0;48;2;219;68;0m▁[38;2;200;46;0;48;2;160;24;0m▂[38;2;203;51;0;48;2;99;9;0m▃[38;2;123;11;0;48;2;70;6;0m▁[38;2;67;7;0;48;2;220;76;0m▅[38;2;33;1;0;48;2;221;92;0m▃[38;2;42;3;0;48;2;231;108;3m▃[38;2;97;20;0;48;2;229;100;1m▅[38;2;219;98;0;48;2;95;30;0m▄[38;2;241;123;0;48;2;164;35;0m▆[38;2;251;128;0;48;2;235;76;0m▝[38;2;240;89;0;48;2;253;141;0m▄[38;2;214;100;0;48;2;66;16;0m▋[38;2;50;12;0;48;2;159;78;0m▍[38;2;145;91;0;48;2;71;89;1m▎[38;2;63;121;9;48;2;110;168;27m▄[38;2;60;114;9;48;2;168;206;80m▄[38;2;71;127;13;48;2;222;233;136m▄[38;2;75;127;19;48;2;218;229;134m▅[38;2;47;88;7;48;2;147;182;80m▆[38;2;23;45;0;48;2;60;116;10m▄[38;2;56;107;9;48;2;33;42;0m▔[38;2;117;69;0;48;2;46;37;0m▁[38;2;228;147;2;48;2;49;15;0m▅[38;2;245;172;45;48;2;117;77;1m▆[38;2;253;236;134;48;2;246;157;10m▃[38;2;253;186;37;48;2;248;109;1m▄[38;2;253;208;66;48;2;251;106;1m▄[38;2;253;221;108;48;2;253;128;8m▃[38;2;253;216;102;48;2;253;143;11m▅[38;2;253;243;136;48;2;253;146;17m▄[38;2;253;217;100;48;2;253;176;35m▂[38;2;251;139;14;48;2;253;241;128m▄[38;2;251;120;13;48;2;253;233;131m▅[38;2;252;156;48;48;2;248;128;1m▘[38;2;251;119;0;48;2;250;152;0m▝[38;2;122;17;4;48;2;202;88;0m▗[38;2;209;178;120;48;2;135;46;24m▅[38;2;254;224;49;48;2;245;218;137m▃[38;2;253;169;10;48;2;245;98;1m▅[0m[38;2;234;101;0m▆[38;2;165;33;0m▆[0m [38;2;44;8;0m             [0m
 [38;2;0;0;0m            [0m  [38;2;188;58;0m▃[38;2;191;37;0m▝[38;2;152;33;0;48;2;231;81;0m▖[38;2;253;233;115;48;2;252;167;11m▝[38;2;247;231;158;48;2;193;173;133m▊[38;2;115;30;17;48;2;161;86;0m▊[38;2;218;89;0;48;2;239;146;0m▔[38;2;201;45;0;48;2;224;72;0m▞[38;2;219;64;0;48;2;177;28;0m▅[38;2;163;23;0;48;2;148;16;0m▆[38;2;176;28;0;48;2;215;61;0m▅[38;2;244;93;0;48;2;201;53;0m▗[38;2;236;88;0;48;2;149;28;0m▆[38;2;218;72;0;48;2;155;23;0m▅[38;2;235;125;0;48;2;165;26;0m▃[38;2;233;121;1;48;2;165;28;0m▄[38;2;251;171;1;48;2;188;46;0m▅[38;2;251;148;0;48;2;222;74;0m▄[38;2;250;179;11;48;2;233;96;3m▃[38;2;253;226;70;48;2;251;145;3m▄[38;2;253;185;17;48;2;242;138;0m▆[38;2;242;144;0;48;2;203;61;0m▖[38;2;179;39;0;48;2;74;8;0m▄[38;2;77;10;0;48;2;144;59;0m▆[38;2;62;10;0;48;2;153;81;0m▅[38;2;61;11;0;48;2;120;71;0m▄[38;2;67;14;0;48;2;104;73;0m▄[38;2;63;12;0;48;2;109;56;0m▄[38;2;63;6;0;48;2;128;60;0m▄[38;2;188;71;0;48;2;95;33;0m▂[38;2;231;96;0;48;2;74;13;0m▃[38;2;249;159;34;48;2;165;51;0m▃[38;2;252;222;75;48;2;248;113;5m▂[38;2;253;206;99;48;2;251;127;22m▔[38;2;251;166;72;48;2;252;215;118m▍[38;2;253;234;131;48;2;253;192;21m▆[38;2;253;234;107;48;2;253;205;55m▖[38;2;252;199;22;48;2;253;239;119m▄[38;2;243;109;15;48;2;253;228;121m▃[38;2;250;141;10;48;2;253;233;127m▅[38;2;248;96;1;48;2;253;173;75m▆[38;2;218;69;0;48;2;244;114;0m▂[38;2;170;38;0;48;2;213;61;0m▃[38;2;120;24;0;48;2;220;101;0m▂[38;2;222;116;0;48;2;130;24;0m▘[38;2;249;247;177;48;2;147;74;51m▗[38;2;242;227;150;48;2;253;202;58m▋[38;2;237;102;0;48;2;253;180;8m▗[0m[7m[38;2;235;117;1m▂[38;2;202;60;0m▅[0m   [38;2;83;45;5m            [0m
 [38;2;0;0;0m             [0m [7m[38;2;215;67;0m▆[0m  [7m[38;2;212;79;0m▅[38;2;237;206;133m▖[0m[38;2;103;12;2;48;2;194;172;128m▝[38;2;121;21;2;48;2;204;126;0m▅[38;2;240;94;0;48;2;182;57;0m▗[38;2;230;100;1;48;2;245;162;7m▍[38;2;162;37;0;48;2;228;99;1m▝[38;2;204;59;0;48;2;147;23;0m▄[38;2;170;35;0;48;2;214;64;0m▂[38;2;240;131;0;48;2;196;50;0m▗[38;2;249;128;0;48;2;192;41;0m▅[38;2;253;145;0;48;2;246;98;0m▂[38;2;253;177;4;48;2;248;100;0m▄[38;2;253;176;2;48;2;252;129;1m▔[38;2;253;218;89;48;2;251;121;10m▄[38;2;253;241;120;48;2;249;143;12m▃[38;2;253;236;110;48;2;253;209;28m▂[38;2;253;217;52;48;2;248;149;13m▋[38;2;231;79;0;48;2;252;169;0m▃[38;2;237;126;0;48;2;202;53;0m▌[38;2;230;84;0;48;2;182;37;0m▅[38;2;152;36;0;48;2;233;83;0m▔[38;2;103;19;0;48;2;220;70;0m▔[38;2;216;68;0;48;2;139;23;0m▖[38;2;87;6;0;48;2;149;20;0m▌[38;2;150;19;0;48;2;136;16;0m▋[38;2;180;59;0;48;2;233;86;0m▎[38;2;230;74;0;48;2;251;148;2m▃[38;2;214;65;0;48;2;251;189;12m▂[38;2;248;131;1;48;2;253;203;42m▂[38;2;252;119;1;48;2;253;232;105m▃[38;2;252;224;110;48;2;251;152;18m▘[38;2;201;59;0;48;2;247;103;1m▗[38;2;151;33;0;48;2;247;138;2m▄[38;2;223;110;0;48;2;252;158;3m▖[38;2;248;102;0;48;2;238;86;0m▂[38;2;155;58;0;48;2;240;104;0m▁[38;2;103;21;0;48;2;228;69;0m▃[38;2;82;9;0;48;2;208;61;0m▄[38;2;200;54;0;48;2;120;21;0m▂[38;2;223;89;0;48;2;127;43;0m▆[38;2;227;139;0;48;2;138;44;0m▌[38;2;134;48;30;48;2;217;198;136m▌[0m[7m[38;2;214;146;36m▅[0m[38;2;168;70;1m▔[38;2;163;70;3m▄[38;2;181;81;3m▄[38;2;68;18;2m▖              [0m
 [38;2;0;0;0m              [0m [7m[38;2;185;90;0m▅[38;2;222;111;0m▄[0m [7m[38;2;169;93;24m▅[0m[38;2;139;123;65;48;2;226;210;147m▖[38;2;128;37;19;48;2;167;102;12m▊[38;2;250;126;11;48;2;238;196;37m▝[38;2;252;135;10;48;2;232;87;0m▖[38;2;243;120;0;48;2;211;51;0m▘[38;2;225;73;0;48;2;197;51;0m▘[38;2;181;55;0;48;2;169;27;0m▕[38;2;191;51;0;48;2;244;158;0m▄[38;2;222;69;0;48;2;252;165;0m▃[38;2;192;48;0;48;2;248;109;0m▁[38;2;251;127;0;48;2;243;84;0m▔[38;2;251;149;19;48;2;246;97;0m▝[38;2;251;116;5;48;2;253;208;51m▄[38;2;249;125;4;48;2;253;231;105m▆[38;2;252;165;6;48;2;253;226;90m▅[38;2;238;134;1;48;2;253;168;3m▝[38;2;223;65;0;48;2;248;149;2m▘[38;2;252;110;0;48;2;253;182;3m▄[38;2;252;140;0;48;2;241;98;0m▌[38;2;246;126;2;48;2;207;53;0m▃[38;2;250;209;36;48;2;220;79;0m▄[38;2;146;40;0;48;2;245;141;18m▝[38;2;216;60;0;48;2;96;11;0m▃[38;2;103;13;0;48;2;150;20;0m▆[38;2;81;6;0;48;2;138;18;0m▃[38;2;98;11;0;48;2;187;39;0m▂[38;2;101;10;0;48;2;188;37;0m▂[38;2;121;19;0;48;2;234;97;0m▂[38;2;211;62;0;48;2;242;108;0m▁[38;2;216;75;0;48;2;251;152;0m▂[38;2;115;26;0;48;2;229;78;0m▂[38;2;129;22;0;48;2;92;8;0m▍[38;2;89;10;0;48;2;201;72;0m▆[38;2;204;78;0;48;2;112;17;0m▔[38;2;208;72;0;48;2;95;13;0m▃[38;2;229;135;2;48;2;142;26;0m▃[38;2;177;40;0;48;2;230;93;0m▌[38;2;253;159;1;48;2;240;94;0m▅[38;2;169;75;0;48;2;238;133;0m▗[38;2;193;97;0;48;2;120;21;2m▘[38;2;214;194;146;48;2;143;60;37m▃[0m[38;2;139;130;89m▍[7m[38;2;146;57;3m▂[38;2;221;113;4m▂[38;2;187;97;5m▃[0m[38;2;102;26;4m▘              [0m
 [38;2;0;0;0m           [0m   [38;2;94;33;9m▄[38;2;132;46;9m▅[38;2;154;54;5m▆[38;2;194;73;1m▅[7m[38;2;170;93;37m▘[0m[38;2;176;94;52;48;2;241;227;154m▂[38;2;122;34;21;48;2;226;208;149m▝[38;2;187;129;19;48;2;130;48;19m▔[38;2;195;155;31;48;2;245;203;31m▏[38;2;249;147;3;48;2;218;71;0m▄[38;2;238;121;0;48;2;230;68;0m▃[38;2;166;27;0;48;2;203;55;0m▃[38;2;118;10;0;48;2;147;17;0m▆[38;2;202;110;0;48;2;162;41;0m▗[38;2;233;131;0;48;2;175;39;0m▄[38;2;222;94;0;48;2;202;47;0m▝[38;2;194;40;0;48;2;224;88;0m▃[38;2;211;73;0;48;2;192;41;0m▘[38;2;247;127;0;48;2;213;59;0m▝[38;2;238;91;0;48;2;228;69;0m▍[38;2;211;52;0;48;2;247;103;0m▆[38;2;239;79;0;48;2;252;170;3m▆[38;2;252;122;0;48;2;248;97;1m▔[38;2;248;117;11;48;2;252;202;48m▘[38;2;254;177;2;48;2;253;228;103m▔[38;2;253;226;85;48;2;253;202;21m▃[38;2;253;245;128;48;2;251;198;38m▄[38;2;249;226;102;48;2;232;94;16m▅[38;2;217;90;12;48;2;208;52;0m▎[38;2;137;28;0;48;2;212;64;0m▔[38;2;240;118;0;48;2;116;19;0m▅[38;2;200;72;0;48;2;116;14;0m▖[38;2;163;39;0;48;2;80;5;0m▄[38;2;192;83;0;48;2;111;17;0m▁[38;2;157;22;0;48;2;92;11;0m▄[38;2;177;31;0;48;2;93;8;0m▅[38;2;232;88;0;48;2;149;26;0m▃[38;2;246;116;0;48;2;180;40;0m▆[38;2;246;139;6;48;2;211;57;0m▄[38;2;251;195;32;48;2;225;99;1m▅[38;2;252;200;48;48;2;249;131;3m▃[38;2;182;47;0;48;2;234;95;0m▝[38;2;141;43;0;48;2;219;106;0m▗[38;2;227;126;0;48;2;155;63;22m▔[38;2;236;227;163;48;2;134;57;37m▅[38;2;245;227;154;48;2;238;195;111m▊[0m[7m[38;2;168;121;66m▝[0m[38;2;157;67;9m▄[38;2;181;80;7m▄[38;2;110;46;7m▖[0m [38;2;135;44;3m▂[0m [38;2;27;8;1m            [0m
 [38;2;0;0;0m          [0m [7m[38;2;160;70;1m▄[0m [7m[38;2;58;20;8m▋[0m[38;2;104;40;13;48;2;59;23;12m▞[38;2;71;25;10;48;2;150;53;7m▄[38;2;107;32;7;48;2;192;72;2m▄[38;2;142;53;4;48;2;202;80;1m▆[38;2;242;115;0;48;2;176;65;2m▃[38;2;242;157;1;48;2;212;79;0m▗[38;2;241;133;16;48;2;252;210;109m▌[38;2;115;21;9;48;2;211;185;112m▝[38;2;141;53;14;48;2;210;164;30m▆[38;2;170;108;8;48;2;242;189;17m▖[38;2;248;177;7;48;2;230;91;1m▂[38;2;229;69;0;48;2;148;16;0m▆[38;2;228;86;0;48;2;194;38;0m▁[38;2;167;53;0;48;2;173;28;0m▁[38;2;231;91;0;48;2;162;22;0m▅[38;2;215;56;0;48;2;174;32;0m▂[38;2;188;34;0;48;2;163;25;0m▂[38;2;214;75;0;48;2;176;44;0m▗[38;2;241;117;0;48;2;199;50;0m▆[38;2;241;96;0;48;2;203;45;0m▅[38;2;201;51;0;48;2;174;32;0m▖[38;2;172;33;0;48;2;242;117;0m▄[38;2;196;39;0;48;2;243;95;0m▃[38;2;250;153;9;48;2;247;108;1m▗[38;2;253;172;21;48;2;252;107;0m▆[38;2;246;121;3;48;2;253;201;53m▆[38;2;248;148;6;48;2;253;231;108m▆[38;2;251;118;3;48;2;251;218;60m▂[38;2;236;134;18;48;2;225;72;0m▎[38;2;212;59;0;48;2;245;101;0m▃[38;2;243;88;0;48;2;224;62;0m▘[38;2;244;137;0;48;2;196;48;0m▃[38;2;241;129;0;48;2;202;62;0m▃[38;2;232;104;0;48;2;224;67;0m▔[38;2;237;98;0;48;2;204;55;0m▆[38;2;212;80;0;48;2;252;132;0m▔[38;2;249;147;0;48;2;251;113;0m▅[38;2;200;55;0;48;2;240;135;0m▖[38;2;221;78;0;48;2;251;147;0m▁[38;2;211;69;0;48;2;247;114;3m▂[38;2;146;38;0;48;2;247;156;25m▃[38;2;142;44;10;48;2;231;123;0m▄[38;2;227;204;114;48;2;164;70;12m▃[38;2;160;79;42;48;2;237;192;110m▘[38;2;188;79;18;48;2;230;207;144m▄[38;2;196;140;96;48;2;170;58;7m▔[38;2;149;46;2;48;2;203;82;1m▌[38;2;244;122;0;48;2;180;72;3m▘[38;2;149;58;9;48;2;103;36;12m▔[38;2;50;17;9;48;2;97;36;16m▝[0m [7m[38;2;164;50;2m▆[0m [38;2;34;11;1m            [0m
 [38;2;0;0;0m           [0m [38;2;144;54;1m▃[0m [7m[38;2;63;22;6m▖[0m[38;2;201;84;1;48;2;106;31;7m▄[38;2;241;157;4;48;2;159;53;3m▄[38;2;172;111;15;48;2;235;153;8m▁[38;2;156;74;12;48;2;244;153;9m▃[38;2;185;66;4;48;2;247;174;11m▄[38;2;212;86;2;48;2;252;206;26m▅[38;2;227;104;0;48;2;250;212;55m▅[38;2;179;60;3;48;2;235;147;27m▞[38;2;229;163;2;48;2;104;26;0m▃[38;2;118;41;0;48;2;208;158;4m▆[38;2;92;27;0;48;2;233;171;5m▄[38;2;93;28;0;48;2;242;151;2m▄[38;2;102;37;0;48;2;196;76;0m▃[38;2;208;109;0;48;2;150;31;0m▅[38;2;193;63;0;48;2;172;28;0m▖[38;2;182;37;0;48;2;213;57;0m▝[38;2;218;101;0;48;2;156;24;0m▂[38;2;107;23;0;48;2;201;55;0m▄[38;2;150;31;0;48;2;197;59;0m▞[38;2;176;37;0;48;2;152;26;0m▞[38;2;212;73;0;48;2;175;29;0m▄[38;2;227;98;0;48;2;186;43;0m▖[38;2;151;25;0;48;2;218;59;0m▅[38;2;224;74;0;48;2;173;39;0m▔[38;2;238;132;0;48;2;204;56;0m▄[38;2;243;121;0;48;2;225;72;0m▞[38;2;230;98;4;48;2;247;163;46m▌[38;2;248;90;0;48;2;252;207;65m▁[38;2;244;159;16;48;2;217;81;1m▋[38;2;246;160;0;48;2;209;63;0m▝[38;2;222;73;0;48;2;252;160;0m▃[38;2;234;73;0;48;2;249;142;0m▄[38;2;243;114;0;48;2;248;154;0m▍[38;2;225;147;0;48;2;203;75;0m▄[38;2;104;25;0;48;2;210;127;0m▗[38;2;94;19;0;48;2;238;160;1m▅[38;2;155;65;0;48;2;179;90;0m▋[38;2;105;30;7;48;2;221;131;0m▃[38;2;196;181;102;48;2;144;65;8m▁[38;2;231;188;79;48;2;127;47;14m▄[38;2;238;104;14;48;2;232;205;91m▂[38;2;221;92;5;48;2;251;208;81m▂[38;2;222;108;18;48;2;251;185;50m▂[38;2;215;148;76;48;2;237;147;30m▗[38;2;212;153;73;48;2;246;115;2m▄[38;2;201;149;52;48;2;238;106;3m▃[38;2;240;109;1;48;2;186;59;2m▅[0m[7m[38;2;181;65;2m▁[0m[38;2;147;46;4m▘[38;2;121;46;9m▃[38;2;188;81;7m▅[38;2;124;48;17m▅[38;2;63;26;13m▖           [0m
 [38;2;0;0;0m           [0m  [38;2;131;51;12m▗[38;2;160;62;8m▅[38;2;200;84;4m▃[38;2;203;98;5m▔[38;2;30;12;7;48;2;72;33;15m▖[38;2;42;21;14;48;2;134;51;12m▄[38;2;40;19;12;48;2;163;62;6m▃[38;2;86;27;6;48;2;204;82;1m▃[38;2;197;61;0;48;2;227;92;0m▅[38;2;210;66;0;48;2;246;137;0m▅[38;2;222;73;0;48;2;242;105;0m▄[38;2;133;54;0;48;2;244;128;8m▂[38;2;70;25;2;48;2;198;172;42m▂[38;2;77;17;1;48;2;159;34;0m▋[38;2;192;42;0;48;2;63;5;0m▅[38;2;191;37;0;48;2;56;4;0m▃[38;2;87;15;0;48;2;63;4;0m▔[38;2;174;30;0;48;2;82;13;0m▃[38;2;241;126;0;48;2;111;25;0m▔[38;2;66;9;0;48;2;165;75;0m▆[38;2;116;13;0;48;2;66;7;0m▁[38;2;49;3;0;48;2;200;59;0m▄[38;2;35;0;0;48;2;184;48;0m▃[38;2;65;7;0;48;2;178;39;0m▄[38;2;80;7;0;48;2;187;37;0m▅[38;2;64;4;0;48;2;178;32;0m▃[38;2;82;10;0;48;2;179;32;0m▃[38;2;100;10;0;48;2;187;42;0m▂[38;2;132;18;0;48;2;209;63;0m▅[38;2;124;19;0;48;2;223;76;0m▅[38;2;119;19;0;48;2;218;70;0m▆[38;2;93;9;0;48;2;208;62;0m▅[38;2;87;7;0;48;2;202;55;0m▅[38;2;99;11;0;48;2;196;51;0m▆[38;2;178;74;0;48;2;101;13;0m▔[38;2;209;63;0;48;2;79;9;0m▄[38;2;217;75;0;48;2;88;11;0m▅[38;2;230;146;0;48;2;114;25;0m▄[38;2;104;31;8;48;2;179;149;84m▌[38;2;142;107;61;48;2;246;234;126m▔[38;2;252;229;102;48;2;252;198;53m▋[38;2;250;167;33;48;2;246;118;8m▎[38;2;242;114;1;48;2;205;76;0m▋[38;2;147;44;4;48;2;231;132;5m▃[38;2;152;56;6;48;2;240;140;5m▄[38;2;106;40;11;48;2;184;70;2m▅[38;2;165;93;43;48;2;99;35;9m▂[38;2;190;105;41;48;2;86;35;11m▃[0m[38;2;177;95;41m▄[38;2;154;86;45m▄[38;2;131;72;43m▃[38;2;126;71;44m▂[7m[38;2;136;47;8m▅[38;2;89;35;14m▅[0m [38;2;30;12;6m           [0m
 [38;2;0;0;0m          [0m  [7m[38;2;26;11;6m▌[0m[38;2;58;24;11;48;2;29;13;8m▝[38;2;154;90;53;48;2;74;42;28m▝[38;2;67;44;35;48;2;177;105;55m▃[38;2;121;80;58;48;2;193;111;42m▃[38;2;141;93;65;48;2;78;41;22m▖[38;2;112;37;8;48;2;53;20;10m▘[38;2;122;32;5;48;2;50;20;11m▃[38;2;174;42;0;48;2;92;21;3m▖[38;2;82;31;0;48;2;192;57;0m▆[38;2;241;179;10;48;2;119;49;3m▃[38;2;231;154;9;48;2;89;23;0m▅[38;2;240;148;1;48;2;87;29;0m▆[38;2;234;135;0;48;2;169;54;0m▆[38;2;151;85;1;48;2;228;100;0m▂[38;2;220;173;3;48;2;189;60;0m▂[38;2;220;159;1;48;2;137;26;0m▃[38;2;219;173;22;48;2;125;30;0m▂[38;2;201;96;5;48;2;147;28;0m▄[38;2;164;38;0;48;2;137;27;0m▊[38;2;190;45;0;48;2;95;8;0m▂[38;2;170;26;0;48;2;114;11;0m▃[38;2;171;26;0;48;2;108;10;0m▖[38;2;64;4;0;48;2;38;1;0m▎[38;2;40;1;0;48;2;60;4;0m▊[38;2;138;19;0;48;2;93;9;0m▗[38;2;150;23;0;48;2;79;5;0m▆[38;2;163;29;0;48;2;84;6;0m▆[38;2;208;57;0;48;2;117;15;0m▅[38;2;222;103;0;48;2;129;42;0m▆[38;2;93;23;0;48;2;230;144;3m▂[38;2;223;158;3;48;2;103;42;0m▘[38;2;211;105;0;48;2;96;12;0m▂[38;2;237;128;0;48;2;133;25;0m▁[38;2;234;142;0;48;2;156;33;0m▂[38;2;171;72;0;48;2;130;23;0m▖[38;2;180;107;0;48;2;232;159;0m▄[38;2;205;94;0;48;2;217;136;0m▝[38;2;204;76;2;48;2;220;141;0m▁[38;2;248;195;42;48;2;137;68;5m▅[38;2;243;172;46;48;2;137;78;33m▅[38;2;224;210;107;48;2;159;72;13m▔[38;2;103;53;5;48;2;228;192;49m▖[38;2;250;143;4;48;2;239;109;1m▆[38;2;242;106;7;48;2;222;77;0m▁[38;2;180;78;9;48;2;118;38;5m▖[38;2;182;107;56;48;2;128;61;27m▝[38;2;79;42;23;48;2;195;124;72m▄[38;2;88;53;35;48;2;198;126;72m▄[38;2;86;54;39;48;2;183;117;72m▁[38;2;120;76;52;48;2;199;132;83m▃[38;2;80;49;34;48;2;200;132;81m▅[38;2;73;42;30;48;2;138;84;52m▆[0m[38;2;49;25;17m▋[0m  [38;2;93;51;8m           [0m
 [38;2;0;0;0m       [0m [38;2;92;62;38m▗[38;2;155;105;68m▄[38;2;153;102;66m▅[38;2;89;57;38m▆[38;2;52;33;26m▆[38;2;48;33;26;48;2;24;10;6m▁[38;2;25;11;6;48;2;64;42;33m▃[38;2;45;30;24;48;2;32;18;14m▘[38;2;70;48;38;48;2;42;26;19m▔[38;2;118;79;57;48;2;66;40;28m▄[38;2;155;104;71;48;2;34;13;8m▆[38;2;178;120;81;48;2;59;24;12m▅[38;2;106;64;46;48;2;73;22;9m▖[38;2;48;7;0;48;2;188;57;0m▋[38;2;239;122;0;48;2;216;58;0m▔[38;2;183;40;0;48;2;243;138;1m▆[38;2;176;37;0;48;2;234;154;4m▅[38;2;98;24;0;48;2;200;74;0m▌[38;2;212;51;0;48;2;238;168;1m▅[38;2;207;43;0;48;2;246;177;9m▄[38;2;246;151;7;48;2;252;204;57m▄[38;2;252;115;6;48;2;253;214;71m▆[38;2;248;127;5;48;2;178;82;0m▊[38;2;109;19;0;48;2;182;44;0m▌[38;2;83;15;0;48;2;207;49;0m▂[38;2;39;3;0;48;2;156;23;0m▄[38;2;30;2;0;48;2;127;17;0m▅[38;2;39;1;0;48;2;28;1;0m▔[38;2;58;25;18;48;2;33;2;0m▃[38;2;70;35;26;48;2;58;10;4m▃[38;2;60;17;10;48;2;137;25;0m▅[38;2;72;12;2;48;2;147;25;0m▅[38;2;96;12;0;48;2;137;21;0m▆[38;2;193;70;0;48;2;84;25;0m▗[38;2;218;110;0;48;2;96;32;0m▆[38;2;184;41;0;48;2;215;132;0m▂[38;2;170;50;0;48;2;217;128;0m▂[38;2;132;46;0;48;2;219;121;0m▖[38;2;244;158;1;48;2;197;105;0m▅[38;2;230;91;5;48;2;240;164;7m▁[38;2;252;207;74;48;2;252;179;3m▅[38;2;253;125;13;48;2;251;200;58m▃[38;2;253;121;4;48;2;238;170;46m▅[38;2;238;169;36;48;2;194;90;4m▝[38;2;137;52;0;48;2;242;93;0m▁[38;2;78;25;5;48;2;204;76;0m▃[38;2;86;38;15;48;2;183;122;28m▋[38;2;177;110;62;48;2;246;114;0m▄[38;2;200;112;56;48;2;248;165;24m▅[38;2;183;110;23;48;2;227;156;72m▝[38;2;219;148;90;48;2;144;61;15m▃[38;2;175;111;69;48;2;58;25;11m▄[38;2;110;68;46;48;2;40;20;13m▃[38;2;32;15;10;48;2;68;39;27m▊[38;2;86;51;37;48;2;103;60;42m▞[38;2;69;40;27;48;2;44;23;16m▎[38;2;24;8;3;48;2;48;27;19m▄[38;2;40;18;10;48;2;68;40;27m▅[0m[7m[38;2;135;88;59m▔[0m[38;2;146;98;67m▆[38;2;115;77;52m▅[0m [38;2;54;35;22m         [0m
 [38;2;0;0;0m         [0m [38;2;112;80;56m▁[38;2;176;126;91m▂[38;2;165;117;85;48;2;53;36;28m▃[38;2;124;85;64;48;2;50;32;27m▅[38;2;78;54;43;48;2;39;23;17m▖[38;2;41;26;21;48;2;19;7;4m▂[38;2;53;37;29;48;2;31;18;13m▝[38;2;35;20;14;48;2;56;38;31m▁[38;2;26;14;9;48;2;79;52;40m▄[38;2;136;90;64;48;2;48;28;20m▔[38;2;41;25;20;48;2;90;55;39m▂[38;2;97;62;46;48;2;36;8;4m▅[38;2;122;78;57;48;2;56;13;3m▄[38;2;144;96;68;48;2;68;16;5m▃[38;2;148;98;70;48;2;74;16;5m▂[38;2;151;100;70;48;2;82;23;6m▁[38;2;66;24;14;48;2;192;43;0m▅[38;2;48;13;7;48;2;189;42;0m▄[38;2;71;35;10;48;2;234;155;7m▄[38;2;90;46;19;48;2;221;118;0m▅[38;2;163;97;56;48;2;92;42;9m▂[38;2;158;98;59;48;2;46;14;8m▃[38;2;124;78;56;48;2;40;16;12m▄[38;2;126;80;58;48;2;67;38;29m▖[38;2;141;91;64;48;2;78;44;34m▄[38;2;162;105;73;48;2;81;46;35m▃[38;2;164;107;72;48;2;61;31;24m▄[38;2;139;88;61;48;2;68;33;24m▃[38;2;197;98;3;48;2;82;37;19m▝[38;2;210;109;1;48;2;99;40;6m▘[38;2;137;72;32;48;2;68;9;0m▁[38;2;182;42;0;48;2;56;8;2m▝[38;2;40;4;0;48;2;206;50;0m▃[38;2;25;0;0;48;2;164;30;0m▂[38;2;39;2;0;48;2;157;29;0m▂[38;2;103;20;0;48;2;201;68;0m▌[38;2;95;19;0;48;2;221;61;0m▁[38;2;125;33;0;48;2;220;53;0m▁[38;2;216;88;1;48;2;240;169;11m▎[38;2;110;52;0;48;2;247;126;0m▂[38;2;87;37;9;48;2;238;120;0m▄[38;2;200;135;82;48;2;115;51;11m▂[38;2;212;144;90;48;2;78;33;17m▄[38;2;112;69;40;48;2;202;140;89m▔[38;2;139;94;63;48;2;203;140;90m▗[38;2;49;28;19;48;2;186;128;82m▂[38;2;106;63;44;48;2;213;153;98m▂[38;2;108;64;47;48;2;202;144;93m▂[38;2;104;67;48;48;2;186;126;82m▆[38;2;133;83;58;48;2;66;42;33m▔[38;2;54;33;25;48;2;67;43;33m▅[38;2;45;21;14;48;2;27;10;6m▕[38;2;113;67;46;48;2;61;31;19m▃[38;2;127;79;55;48;2;44;20;11m▃[38;2;30;14;9;48;2;46;25;17m▕[0m[7m[38;2;45;20;12m▅[38;2;59;30;18m▅[0m [38;2;15;8;4m           [0m
 [38;2;0;0;0m          [0m [7m[38;2;103;73;52m▆[38;2;134;94;69m▆[38;2;75;52;40m▅[38;2;35;22;18m▄[38;2;29;17;13m▃[38;2;22;11;7m▖[0m[38;2;105;72;50;48;2;27;14;8m▃[38;2;140;94;67;48;2;28;13;7m▃[38;2;117;47;19;48;2;38;15;9m▅[38;2;111;42;14;48;2;46;21;12m▖[38;2;26;11;6;48;2;39;24;18m▄[38;2;34;17;10;48;2;77;49;38m▃[38;2;122;81;59;48;2;51;33;25m▔[38;2;51;34;27;48;2;118;78;57m▆[38;2;49;33;27;48;2;140;93;66m▆[38;2;79;51;40;48;2;154;103;73m▆[38;2;91;55;40;48;2;126;81;59m▅[38;2;49;30;23;48;2;132;84;58m▅[38;2;79;47;35;48;2;190;124;78m▅[38;2;122;63;32;48;2;189;123;74m▅[38;2;215;117;5;48;2;146;85;47m▃[38;2;104;50;24;48;2;133;84;52m▆[38;2;111;70;48;48;2;34;15;10m▂[38;2;152;100;70;48;2;70;44;32m▁[38;2;44;24;17;48;2;150;98;67m▆[38;2;74;43;30;48;2;131;85;58m▆[38;2;137;89;60;48;2;70;40;28m▅[38;2;156;99;64;48;2;66;33;19m▆[38;2;130;66;23;48;2;163;103;64m▔[38;2;196;136;89;48;2;152;85;46m▃[38;2;204;138;88;48;2;108;57;33m▅[38;2;208;142;92;48;2;95;55;39m▅[38;2;167;109;72;48;2;81;45;32m▆[38;2;170;114;77;48;2;66;33;23m▆[38;2;185;126;83;48;2;75;40;26m▅[38;2;189;127;84;48;2;59;25;16m▅[38;2;157;102;67;48;2;55;19;9m▅[38;2;170;114;74;48;2;73;38;12m▅[38;2;200;136;85;48;2;81;46;26m▆[38;2;197;131;82;48;2;156;101;64m▆[38;2;142;81;49;48;2;194;129;82m▁[38;2;167;103;65;48;2;221;153;99m▆[38;2;108;59;37;48;2;212;150;97m▅[38;2;83;45;30;48;2;178;125;82m▆[38;2;71;39;25;48;2;37;16;9m▎[38;2;42;16;8;48;2;96;55;38m▂[38;2;25;9;4;48;2;81;46;32m▁[38;2;91;55;36;48;2;61;36;26m▁[38;2;151;95;61;48;2;90;38;14m▂[38;2;163;86;40;48;2;85;39;16m▆[38;2;175;113;66;48;2;49;25;15m▃[0m[38;2;196;120;57m▁[7m[38;2;129;83;56m▄[38;2;147;97;67m▄[38;2;116;75;53m▅[0m [38;2;23;15;10m            [0m
 [38;2;0;0;0m                [0m [7m[38;2;153;104;73m▆[38;2;134;89;60m▄[38;2;156;104;71m▄[38;2;155;104;71m▄[0m [38;2;137;76;10m▃[0m [7m[38;2;22;9;5m▆[38;2;27;14;9m▅[38;2;83;48;35m▅[38;2;51;30;21m▖[38;2;45;27;18m▖[38;2;49;29;20m▗[38;2;85;40;20m▅[0m[38;2;128;87;61;48;2;69;35;14m▗[38;2;146;99;71;48;2;68;40;29m▃[38;2;163;108;75;48;2;89;58;45m▔[38;2;77;49;38;48;2;159;108;76m▅[38;2;68;37;25;48;2;155;103;71m▄[38;2;74;44;29;48;2;35;18;12m▎[38;2;17;7;4;48;2;40;23;18m▂[38;2;22;10;5;48;2;41;26;21m▂[38;2;33;17;11;48;2;59;38;31m▃[38;2;31;16;12;48;2;60;39;32m▃[38;2;155;101;67;48;2;85;53;40m▝[38;2;82;51;40;48;2;202;140;90m▅[38;2;84;51;39;48;2;184;124;80m▅[38;2;69;40;30;48;2;137;87;59m▄[38;2;108;72;52;48;2;75;46;35m▔[38;2;180;95;17;48;2;107;62;42m▂[38;2;217;118;9;48;2;86;48;29m▂[38;2;137;87;54;48;2;31;13;7m▁[38;2;58;29;17;48;2;97;54;37m▃[38;2;50;21;13;48;2;97;54;38m▃[38;2;199;92;13;48;2;103;42;14m▝[0m[7m[38;2;167;71;11m▂[0m[38;2;164;96;34;48;2;73;27;8m▄[38;2;209;128;43;48;2;54;24;9m▄[0m[38;2;243;150;53m▃[38;2;191;115;42m▃[0m [7m[38;2;92;52;32m▅[38;2;144;85;53m▅[38;2;155;98;61m▆[0m[38;2;216;138;74m▔[38;2;184;113;51m▔[0m [38;2;18;11;5m               [0m
 [38;2;0;0;0m                      [0m  [38;2;1;1;0m [0m [7m[38;2;108;73;49m▆[38;2;164;113;79m▅[38;2;158;109;77m▄[38;2;154;107;78m▄[38;2;121;81;57m▅[0m [7m[38;2;123;84;58m▆[38;2;155;106;73m▅[38;2;156;105;70m▅[38;2;100;56;18m▄[0m[38;2;132;70;9m▘[0m [38;2;106;73;51m▝[7m[38;2;138;95;67m▃[38;2;131;89;63m▃[38;2;92;61;42m▄[38;2;48;28;20m▅[38;2;51;29;22m▅▅[38;2;70;36;23m▅[38;2;136;63;12m▅[38;2;230;114;7m▆[38;2;179;116;72m▅[38;2;164;109;69m▅[0m     [38;2;137;81;28m▔[0m  [38;2;3;1;0m                     [0m
 [38;2;0;0;0m                                                                               [0m
 [38;2;0;0;0m                                                                               [0m
 [38;2;0;0;0m                                                                               [0m
 [38;2;0;0;0m                                                                               [0m
 [38;2;0;0;0m                                                                               [0m




